N,12863,1300000000000027.000000,0,1,1425441611674268602,B,40000,8
N,12863,1300000000000028.000000,0,2,1425441611775214516,S,40000,5
T,12863,1300000000000027.000000,1300000000000028.000000,3,1425441611775214516,0,40000,5
N,12863,1300000000000029.000000,0,4,1425441611876131633,B,40000,3
N,12863,1300000000000030.000000,0,5,1425441611976804999,S,40000,7
T,12863,1300000000000027.000000,1300000000000030.000000,6,1425441611976804999,0,40000,3
T,12863,1300000000000029.000000,1300000000000030.000000,7,1425441611976804999,0,40000,3
N,12863,1300000000000031.000000,0,8,1425441612077653088,S,40000,7
N,12863,1300000000000032.000000,0,9,1425441612178252095,B,40000,1
T,12863,1300000000000032.000000,1300000000000030.000000,10,1425441612178252095,0,40000,1
N,12863,1300000000000033.000000,0,11,1425441612279033151,B,40000,7
T,12863,1300000000000033.000000,1300000000000031.000000,12,1425441612279033151,0,40000,7
N,12863,1300000000000034.000000,0,13,1425441612379754907,B,40000,10
M,12863,1300000000000034.000000,0,14,1425441612480500878,B,40000,5
X,12863,1300000000000034.000000,0,15,1425441612581285929,B,40000,5
N,12863,1300000000000035.000000,0,16,1425442512596367026,B,40000,8
N,12863,1300000000000036.000000,0,17,1425442512697156936,S,40000,5
T,12863,1300000000000035.000000,1300000000000036.000000,18,1425442512697156936,0,40000,5
N,12863,1300000000000037.000000,0,19,1425442512798075001,B,40000,3
N,12863,1300000000000038.000000,0,20,1425442512898820277,S,40000,7
T,12863,1300000000000035.000000,1300000000000038.000000,21,1425442512898820277,0,40000,3
T,12863,1300000000000037.000000,1300000000000038.000000,22,1425442512898820277,0,40000,3
N,12863,1300000000000039.000000,0,23,1425442512999850908,S,40000,7
N,12863,1300000000000040.000000,0,24,1425442513100415056,B,40000,1
T,12863,1300000000000040.000000,1300000000000038.000000,25,1425442513100415056,0,40000,1
N,12863,1300000000000041.000000,0,26,1425442513201103288,B,40000,7
T,12863,1300000000000041.000000,1300000000000039.000000,27,1425442513201103288,0,40000,7
N,12863,1300000000000042.000000,0,28,1425442513301761895,B,40000,10
M,12863,1300000000000042.000000,0,29,1425442513402436414,B,40000,5
X,12863,1300000000000042.000000,0,30,1425442513503079087,B,40000,5
N,12863,1300000000000043.000000,0,31,1425443413779170363,B,40000,8
N,12863,1300000000000044.000000,0,32,1425443413880376390,S,40000,5
T,12863,1300000000000043.000000,1300000000000044.000000,33,1425443413880376390,0,40000,5
N,12863,1300000000000045.000000,0,34,1425443413981199723,B,40000,3
N,12863,1300000000000046.000000,0,35,1425443414081823562,S,40000,7
T,12863,1300000000000043.000000,1300000000000046.000000,36,1425443414081823562,0,40000,3
T,12863,1300000000000045.000000,1300000000000046.000000,37,1425443414081823562,0,40000,3
N,12863,1300000000000047.000000,0,38,1425443414182941639,S,40000,7
N,12863,1300000000000048.000000,0,39,1425443414283650443,B,40000,1
T,12863,1300000000000048.000000,1300000000000046.000000,40,1425443414283650443,0,40000,1
N,12863,1300000000000049.000000,0,41,1425443414384550478,B,40000,7
T,12863,1300000000000049.000000,1300000000000047.000000,42,1425443414384550478,0,40000,7
N,12863,1300000000000050.000000,0,43,1425443414485432915,B,40000,10
M,12863,1300000000000050.000000,0,44,1425443414586072326,B,40000,5
X,12863,1300000000000050.000000,0,45,1425443414686691253,B,40000,5
N,12863,1300000000000051.000000,0,46,1425444314700383489,B,40000,8
N,12863,1300000000000052.000000,0,47,1425444314801060565,S,40000,5
T,12863,1300000000000051.000000,1300000000000052.000000,48,1425444314801060565,0,40000,5
N,12863,1300000000000053.000000,0,49,1425444314901803037,B,40000,3
N,12863,1300000000000054.000000,0,50,1425444315002305536,S,40000,7
T,12863,1300000000000051.000000,1300000000000054.000000,51,1425444315002305536,0,40000,3
T,12863,1300000000000053.000000,1300000000000054.000000,52,1425444315002305536,0,40000,3
N,12863,1300000000000055.000000,0,53,1425444315103376405,S,40000,7
N,12863,1300000000000056.000000,0,54,1425444315204495103,B,40000,1
T,12863,1300000000000056.000000,1300000000000054.000000,55,1425444315204495103,0,40000,1
N,12863,1300000000000057.000000,0,56,1425444315305531073,B,40000,7
T,12863,1300000000000057.000000,1300000000000055.000000,57,1425444315305531073,0,40000,7
N,12863,1300000000000058.000000,0,58,1425444315406503070,B,40000,10
M,12863,1300000000000058.000000,0,59,1425444315507261370,B,40000,5
X,12863,1300000000000058.000000,0,60,1425444315608036181,B,40000,5
N,12863,1300000000000059.000000,0,61,1425445215644792751,B,40000,8
N,12863,1300000000000060.000000,0,62,1425445215745442615,S,40000,5
T,12863,1300000000000059.000000,1300000000000060.000000,63,1425445215745442615,0,40000,5
N,12863,1300000000000061.000000,0,64,1425445215846204522,B,40000,3
N,12863,1300000000000062.000000,0,65,1425445215946723251,S,40000,7
T,12863,1300000000000059.000000,1300000000000062.000000,66,1425445215946723251,0,40000,3
T,12863,1300000000000061.000000,1300000000000062.000000,67,1425445215946723251,0,40000,3
N,12863,1300000000000063.000000,0,68,1425445216047604962,S,40000,7
N,12863,1300000000000064.000000,0,69,1425445216148145381,B,40000,1
T,12863,1300000000000064.000000,1300000000000062.000000,70,1425445216148145381,0,40000,1
N,12863,1300000000000065.000000,0,71,1425445216249010564,B,40000,7
T,12863,1300000000000065.000000,1300000000000063.000000,72,1425445216249010564,0,40000,7
N,12863,1300000000000066.000000,0,73,1425445216349693674,B,40000,10
M,12863,1300000000000066.000000,0,74,1425445216450197324,B,40000,5
X,12863,1300000000000066.000000,0,75,1425445216550935366,B,40000,5
T,12863,0.000000,0.000000,76,1425447902200400466,0,40100,5
T,12863,0.000000,0.000000,77,1425447902200424410,0,40100,3
N,12863,1300000000000070.000000,0,78,1425447902390826279,S,40100,2
N,12863,1300000000000071.000000,0,79,1425448813322903452,B,40000,8
N,12863,1300000000000072.000000,0,80,1425448813423679078,S,40000,5
T,12863,1300000000000071.000000,1300000000000072.000000,81,1425448813423679078,0,40000,5
N,12863,1300000000000073.000000,0,82,1425448813524420741,B,40000,3
N,12863,1300000000000074.000000,0,83,1425448813625083378,S,40000,7
T,12863,1300000000000071.000000,1300000000000074.000000,84,1425448813625083378,0,40000,3
T,12863,1300000000000073.000000,1300000000000074.000000,85,1425448813625083378,0,40000,3
N,12863,1300000000000075.000000,0,86,1425448813725925688,S,40000,7
N,12863,1300000000000076.000000,0,87,1425448813826628953,B,40000,1
T,12863,1300000000000076.000000,1300000000000074.000000,88,1425448813826628953,0,40000,1
N,12863,1300000000000077.000000,0,89,1425448813927302163,B,40000,7
T,12863,1300000000000077.000000,1300000000000075.000000,90,1425448813927302163,0,40000,7
N,12863,1300000000000078.000000,0,91,1425448814028136981,B,40000,10
M,12863,1300000000000078.000000,0,92,1425448814128783636,B,40000,5
X,12863,1300000000000078.000000,0,93,1425448814229376102,B,40000,5
N,12863,1300000000000079.000000,0,94,1425449713658685882,B,40000,8
N,12863,1300000000000080.000000,0,95,1425449713759476341,S,40000,5
T,12863,1300000000000079.000000,1300000000000080.000000,96,1425449713759476341,0,40000,5
N,12863,1300000000000081.000000,0,97,1425449713860193204,B,40000,3
N,12863,1300000000000082.000000,0,98,1425449713960887413,S,40000,7
T,12863,1300000000000079.000000,1300000000000082.000000,99,1425449713960887413,0,40000,3
T,12863,1300000000000081.000000,1300000000000082.000000,100,1425449713960887413,0,40000,3
N,12863,1300000000000083.000000,0,101,1425449714061824653,S,40000,7
N,12863,1300000000000084.000000,0,102,1425449714162356552,B,40000,1
T,12863,1300000000000084.000000,1300000000000082.000000,103,1425449714162356552,0,40000,1
N,12863,1300000000000085.000000,0,104,1425449714263105088,B,40000,7
T,12863,1300000000000085.000000,1300000000000083.000000,105,1425449714263105088,0,40000,7
N,12863,1300000000000086.000000,0,106,1425449714363874743,B,40000,10
M,12863,1300000000000086.000000,0,107,1425449714464600984,B,40000,5
X,12863,1300000000000086.000000,0,108,1425449714565379674,B,40000,5
N,12863,1300000000000087.000000,0,109,1425450614813674741,B,40000,8
N,12863,1300000000000088.000000,0,110,1425450614914321736,S,40000,5
T,12863,1300000000000087.000000,1300000000000088.000000,111,1425450614914321736,0,40000,5
N,12863,1300000000000089.000000,0,112,1425450615015085554,B,40000,3
N,12863,1300000000000090.000000,0,113,1425450615115690273,S,40000,7
T,12863,1300000000000087.000000,1300000000000090.000000,114,1425450615115690273,0,40000,3
T,12863,1300000000000089.000000,1300000000000090.000000,115,1425450615115690273,0,40000,3
N,12863,1300000000000091.000000,0,116,1425450615216708417,S,40000,7
N,12863,1300000000000092.000000,0,117,1425450615317443187,B,40000,1
T,12863,1300000000000092.000000,1300000000000090.000000,118,1425450615317443187,0,40000,1
N,12863,1300000000000093.000000,0,119,1425450615418162509,B,40000,7
T,12863,1300000000000093.000000,1300000000000091.000000,120,1425450615418162509,0,40000,7
N,12863,1300000000000094.000000,0,121,1425450615518910187,B,40000,10
M,12863,1300000000000094.000000,0,122,1425450615619630112,B,40000,5
X,12863,1300000000000094.000000,0,123,1425450615720393316,B,40000,5
N,12863,1300000000000095.000000,0,124,1425451515722880927,B,40000,8
N,12863,1300000000000096.000000,0,125,1425451515823661804,S,40000,5
T,12863,1300000000000095.000000,1300000000000096.000000,126,1425451515823661804,0,40000,5
N,12863,1300000000000097.000000,0,127,1425451515924480918,B,40000,3
N,12863,1300000000000098.000000,0,128,1425451516025065554,S,40000,7
T,12863,1300000000000095.000000,1300000000000098.000000,129,1425451516025065554,0,40000,3
T,12863,1300000000000097.000000,1300000000000098.000000,130,1425451516025065554,0,40000,3
N,12863,1300000000000099.000000,0,131,1425451516126150644,S,40000,7
N,12863,1300000000000100.000000,0,132,1425451516226730518,B,40000,1
T,12863,1300000000000100.000000,1300000000000098.000000,133,1425451516226730518,0,40000,1
N,12863,1300000000000101.000000,0,134,1425451516327501419,B,40000,7
T,12863,1300000000000101.000000,1300000000000099.000000,135,1425451516327501419,0,40000,7
N,12863,1300000000000102.000000,0,136,1425451516428503287,B,40000,10
M,12863,1300000000000102.000000,0,137,1425451516529059030,B,40000,5
X,12863,1300000000000102.000000,0,138,1425451516629857430,B,40000,5
N,12863,1300000000000103.000000,0,139,1425452416610953934,B,40000,8
N,12863,1300000000000104.000000,0,140,1425452416712023536,S,40000,5
T,12863,1300000000000103.000000,1300000000000104.000000,141,1425452416712023536,0,40000,5
N,12863,1300000000000105.000000,0,142,1425452416812998844,B,40000,3
N,12863,1300000000000106.000000,0,143,1425452416913548726,S,40000,7
T,12863,1300000000000103.000000,1300000000000106.000000,144,1425452416913548726,0,40000,3
T,12863,1300000000000105.000000,1300000000000106.000000,145,1425452416913548726,0,40000,3
N,12863,1300000000000107.000000,0,146,1425452417014511902,S,40000,7
N,12863,1300000000000108.000000,0,147,1425452417115281432,B,40000,1
T,12863,1300000000000108.000000,1300000000000106.000000,148,1425452417115281432,0,40000,1
N,12863,1300000000000109.000000,0,149,1425452417216584352,B,40000,7
T,12863,1300000000000109.000000,1300000000000107.000000,150,1425452417216584352,0,40000,7
N,12863,1300000000000110.000000,0,151,1425452417317667840,B,40000,10
M,12863,1300000000000110.000000,0,152,1425452417418432312,B,40000,5
X,12863,1300000000000110.000000,0,153,1425452417519563564,B,40000,5
N,12863,1300000000000114.000000,0,154,1425453317793338156,B,40000,8
N,12863,1300000000000115.000000,0,155,1425453317893940356,S,40000,5
T,12863,1300000000000114.000000,1300000000000115.000000,156,1425453317893940356,0,40000,5
N,12863,1300000000000116.000000,0,157,1425453317994770161,B,40000,3
N,12863,1300000000000117.000000,0,158,1425453318095276391,S,40000,7
T,12863,1300000000000114.000000,1300000000000117.000000,159,1425453318095276391,0,40000,3
T,12863,1300000000000116.000000,1300000000000117.000000,160,1425453318095276391,0,40000,3
N,12863,1300000000000118.000000,0,161,1425453318196369419,S,40000,7
N,12863,1300000000000119.000000,0,162,1425453318296863566,B,40000,1
T,12863,1300000000000119.000000,1300000000000117.000000,163,1425453318296863566,0,40000,1
N,12863,1300000000000120.000000,0,164,1425453318397634880,B,40000,7
T,12863,1300000000000120.000000,1300000000000118.000000,165,1425453318397634880,0,40000,7
N,12863,1300000000000121.000000,0,166,1425453318498534038,B,40000,10
M,12863,1300000000000121.000000,0,167,1425453318599237769,B,40000,5
X,12863,1300000000000121.000000,0,168,1425453318699748937,B,40000,5
N,12863,1300000000000142.000000,0,169,1425454218630582628,B,40000,8
N,12863,1300000000000143.000000,0,170,1425454218731134999,S,40000,5
T,12863,1300000000000142.000000,1300000000000143.000000,171,1425454218731134999,0,40000,5
N,12863,1300000000000144.000000,0,172,1425454218831863289,B,40000,3
N,12863,1300000000000145.000000,0,173,1425454218932496433,S,40000,7
T,12863,1300000000000142.000000,1300000000000145.000000,174,1425454218932496433,0,40000,3
T,12863,1300000000000144.000000,1300000000000145.000000,175,1425454218932496433,0,40000,3
N,12863,1300000000000146.000000,0,176,1425454219033480918,S,40000,7
N,12863,1300000000000147.000000,0,177,1425454219134209293,B,40000,1
T,12863,1300000000000147.000000,1300000000000145.000000,178,1425454219134209293,0,40000,1
N,12863,1300000000000148.000000,0,179,1425454219235087019,B,40000,7
T,12863,1300000000000148.000000,1300000000000146.000000,180,1425454219235087019,0,40000,7
N,12863,1300000000000149.000000,0,181,1425454219335982701,B,40000,10
M,12863,1300000000000149.000000,0,182,1425454219436897780,B,40000,5
X,12863,1300000000000149.000000,0,183,1425454219537646321,B,40000,5
N,12863,1300000000000190.000000,0,184,1425455119649645923,B,40000,8
N,12863,1300000000000191.000000,0,185,1425455119750334413,S,40000,5
T,12863,1300000000000190.000000,1300000000000191.000000,186,1425455119750334413,0,40000,5
N,12863,1300000000000192.000000,0,187,1425455119851305919,B,40000,3
N,12863,1300000000000193.000000,0,188,1425455119952033165,S,40000,7
T,12863,1300000000000190.000000,1300000000000193.000000,189,1425455119952033165,0,40000,3
T,12863,1300000000000192.000000,1300000000000193.000000,190,1425455119952033165,0,40000,3
N,12863,1300000000000194.000000,0,191,1425455120052978038,S,40000,7
N,12863,1300000000000195.000000,0,192,1425455120153547250,B,40000,1
T,12863,1300000000000195.000000,1300000000000193.000000,193,1425455120153547250,0,40000,1
N,12863,1300000000000196.000000,0,194,1425455120254714220,B,40000,7
T,12863,1300000000000196.000000,1300000000000194.000000,195,1425455120254714220,0,40000,7
N,12863,1300000000000197.000000,0,196,1425455120355646947,B,40000,10
M,12863,1300000000000197.000000,0,197,1425455120456309099,B,40000,5
X,12863,1300000000000197.000000,0,198,1425455120556892083,B,40000,5
N,12863,1300000000000292.000000,0,199,1425456020601795096,B,40000,8
N,12863,1300000000000293.000000,0,200,1425456020702811008,S,40000,5
T,12863,1300000000000292.000000,1300000000000293.000000,201,1425456020702811008,0,40000,5
N,12863,1300000000000294.000000,0,202,1425456020803745541,B,40000,3
N,12863,1300000000000295.000000,0,203,1425456020904345077,S,40000,7
T,12863,1300000000000292.000000,1300000000000295.000000,204,1425456020904345077,0,40000,3
T,12863,1300000000000294.000000,1300000000000295.000000,205,1425456020904345077,0,40000,3
N,12863,1300000000000296.000000,0,206,1425456021005395275,S,40000,7
N,12863,1300000000000297.000000,0,207,1425456021106282047,B,40000,1
T,12863,1300000000000297.000000,1300000000000295.000000,208,1425456021106282047,0,40000,1
N,12863,1300000000000298.000000,0,209,1425456021207149809,B,40000,7
T,12863,1300000000000298.000000,1300000000000296.000000,210,1425456021207149809,0,40000,7
N,12863,1300000000000299.000000,0,211,1425456021307995222,B,40000,10
M,12863,1300000000000299.000000,0,212,1425456021408573722,B,40000,5
X,12863,1300000000000299.000000,0,213,1425456021509312114,B,40000,5
N,12863,1300000000000473.000000,0,214,1425456921700901585,B,40000,8
N,12863,1300000000000474.000000,0,215,1425456921801533031,S,40000,5
T,12863,1300000000000473.000000,1300000000000474.000000,216,1425456921801533031,0,40000,5
N,12863,1300000000000475.000000,0,217,1425456921902516419,B,40000,3
N,12863,1300000000000476.000000,0,218,1425456922003253972,S,40000,7
T,12863,1300000000000473.000000,1300000000000476.000000,219,1425456922003253972,0,40000,3
T,12863,1300000000000475.000000,1300000000000476.000000,220,1425456922003253972,0,40000,3
N,12863,1300000000000477.000000,0,221,1425456922104657871,S,40000,7
N,12863,1300000000000478.000000,0,222,1425456922205341891,B,40000,1
T,12863,1300000000000478.000000,1300000000000476.000000,223,1425456922205341891,0,40000,1
N,12863,1300000000000479.000000,0,224,1425456922306053009,B,40000,7
T,12863,1300000000000479.000000,1300000000000477.000000,225,1425456922306053009,0,40000,7
N,12863,1300000000000480.000000,0,226,1425456922406835224,B,40000,10
M,12863,1300000000000480.000000,0,227,1425456922507429143,B,40000,5
X,12863,1300000000000480.000000,0,228,1425456922607993768,B,40000,5
N,12863,1300000000000633.000000,0,229,1425457822746613420,B,40000,8
N,12863,1300000000000634.000000,0,230,1425457822847352157,S,40000,5
T,12863,1300000000000633.000000,1300000000000634.000000,231,1425457822847352157,0,40000,5
N,12863,1300000000000635.000000,0,232,1425457822948195178,B,40000,3
N,12863,1300000000000636.000000,0,233,1425457823048721050,S,40000,7
T,12863,1300000000000633.000000,1300000000000636.000000,234,1425457823048721050,0,40000,3
T,12863,1300000000000635.000000,1300000000000636.000000,235,1425457823048721050,0,40000,3
N,12863,1300000000000637.000000,0,236,1425457823149723878,S,40000,7
N,12863,1300000000000638.000000,0,237,1425457823250229412,B,40000,1
T,12863,1300000000000638.000000,1300000000000636.000000,238,1425457823250229412,0,40000,1
N,12863,1300000000000640.000000,0,239,1425457823350989880,B,40000,7
T,12863,1300000000000640.000000,1300000000000637.000000,240,1425457823350989880,0,40000,7
N,12863,1300000000000641.000000,0,241,1425457823451794741,B,40000,10
M,12863,1300000000000641.000000,0,242,1425457823552518581,B,40000,5
X,12863,1300000000000641.000000,0,243,1425457823653246875,B,40000,5
X,12863,1300000000000070.000000,0,244,1425457921334079301,S,40100,2
T,27,0.000000,0.000000,245,1425460058290444505,0,88,1
T,27,0.000000,0.000000,246,1425460058290447596,0,88,1
T,27,0.000000,0.000000,247,1425460058290450014,0,88,40
T,27,0.000000,0.000000,248,1425460058290452044,0,88,5
T,27,0.000000,0.000000,249,1425460058290453796,0,88,1
T,27,0.000000,0.000000,250,1425460058290459657,0,88,2
T,27,0.000000,0.000000,251,1425460058290471134,0,88,150
T,27,0.000000,0.000000,252,1425460058290479794,0,88,10
T,27,0.000000,0.000000,253,1425460058290488608,0,88,20818
T,27,0.000000,0.000000,254,1425460058290498186,0,88,8001
T,27,0.000000,0.000000,255,1425460058290540047,0,88,2
T,27,0.000000,0.000000,256,1425460058290546195,0,88,200
T,27,0.000000,0.000000,257,1425460058290551062,0,88,20
T,27,0.000000,0.000000,258,1425460058290556623,0,88,1797
T,27,0.000000,0.000000,259,1425460058290558090,0,88,50
T,46,0.000000,0.000000,260,1425460058290690632,0,41,250
T,46,0.000000,0.000000,261,1425460058290693674,0,41,4
T,46,0.000000,0.000000,262,1425460058290695920,0,41,1
T,46,0.000000,0.000000,263,1425460058290699614,0,41,2
T,46,0.000000,0.000000,264,1425460058290702246,0,41,25
T,46,0.000000,0.000000,265,1425460058290705121,0,41,171
T,46,0.000000,0.000000,266,1425460058290716045,0,41,829
T,46,0.000000,0.000000,267,1425460058290719099,0,41,1000
T,46,0.000000,0.000000,268,1425460058290721723,0,41,10
T,46,0.000000,0.000000,269,1425460058290724439,0,41,500
T,46,0.000000,0.000000,270,1425460058290763980,0,41,1000
T,46,0.000000,0.000000,271,1425460058290766128,0,41,200
T,46,0.000000,0.000000,272,1425460058290768514,0,41,40000
T,46,0.000000,0.000000,273,1425460058290770548,0,41,10161
T,46,0.000000,0.000000,274,1425460058290776047,0,41,12
T,46,0.000000,0.000000,275,1425460058290781390,0,41,50
T,104,0.000000,0.000000,276,1425460058291078577,0,18711,5
T,104,0.000000,0.000000,277,1425460058291087704,0,18711,3
T,104,0.000000,0.000000,278,1425460058291098456,0,18711,42
T,104,0.000000,0.000000,279,1425460058291101178,0,18711,3
T,104,0.000000,0.000000,280,1425460058291104891,0,18711,61
T,104,0.000000,0.000000,281,1425460058291116803,0,18711,39
T,104,0.000000,0.000000,282,1425460058291119557,0,18711,2
T,104,0.000000,0.000000,283,1425460058291122170,0,18711,30
T,104,0.000000,0.000000,284,1425460058291124651,0,18711,1
T,104,0.000000,0.000000,285,1425460058291127215,0,18711,1
T,104,0.000000,0.000000,286,1425460058291177810,0,18711,54
T,104,0.000000,0.000000,287,1425460058291180006,0,18711,5
T,104,0.000000,0.000000,288,1425460058291182147,0,18711,1
T,104,0.000000,0.000000,289,1425460058291184885,0,18711,1
T,104,0.000000,0.000000,290,1425460058291187077,0,18711,50
T,104,0.000000,0.000000,291,1425460058291189330,0,18711,2
T,104,0.000000,0.000000,292,1425460058291191667,0,18711,50
T,104,0.000000,0.000000,293,1425460058291193829,0,18711,250
T,104,0.000000,0.000000,294,1425460058291196169,0,18711,1
T,104,0.000000,0.000000,295,1425460058291198447,0,18711,350
T,104,0.000000,0.000000,296,1425460058291227415,0,18711,2
T,104,0.000000,0.000000,297,1425460058291230105,0,18711,161
T,104,0.000000,0.000000,298,1425460058291235658,0,18711,51
T,104,0.000000,0.000000,299,1425460058291241406,0,18711,11
T,128,0.000000,0.000000,300,1425460058291631527,0,98495,5
T,128,0.000000,0.000000,301,1425460058291637096,0,98495,1
T,128,0.000000,0.000000,302,1425460058291642606,0,98495,1
T,128,0.000000,0.000000,303,1425460058291647274,0,98495,1
T,128,0.000000,0.000000,304,1425460058291660147,0,98495,9
T,128,0.000000,0.000000,305,1425460058291663032,0,98495,11
T,128,0.000000,0.000000,306,1425460058291676195,0,98495,3
T,128,0.000000,0.000000,307,1425460058291678640,0,98495,10
T,128,0.000000,0.000000,308,1425460058291680770,0,98495,1
T,128,0.000000,0.000000,309,1425460058291682666,0,98495,1
T,128,0.000000,0.000000,310,1425460058291752717,0,98495,5
T,128,0.000000,0.000000,311,1425460058291754265,0,98495,2
T,128,0.000000,0.000000,312,1425460058291755760,0,98495,5
T,128,0.000000,0.000000,313,1425460058291757298,0,98495,1
T,128,0.000000,0.000000,314,1425460058291758673,0,98495,2
T,128,0.000000,0.000000,315,1425460058291760162,0,98495,1
T,128,0.000000,0.000000,316,1425460058291762449,0,98495,89
T,128,0.000000,0.000000,317,1425460058291770175,0,98495,11
T,128,0.000000,0.000000,318,1425460058291771673,0,98495,10
T,184,0.000000,0.000000,319,1425460058291906611,0,385200,1
T,184,0.000000,0.000000,320,1425460058291916085,0,385200,1
T,184,0.000000,0.000000,321,1425460058291924985,0,385200,1
T,184,0.000000,0.000000,322,1425460058291933661,0,385200,1
T,184,0.000000,0.000000,323,1425460058291941541,0,385200,1
T,184,0.000000,0.000000,324,1425460058291944604,0,385200,2
T,184,0.000000,0.000000,325,1425460058291947449,0,385200,2
T,201,0.000000,0.000000,329,1425460058292039551,0,23340,1
T,184,0.000000,0.000000,326,1425460058291950216,0,385200,1
T,184,0.000000,0.000000,327,1425460058291952531,0,385200,1
T,184,0.000000,0.000000,328,1425460058291960904,0,385200,5
T,201,0.000000,0.000000,330,1425460058292048682,0,23340,24
T,201,0.000000,0.000000,331,1425460058292051092,0,23340,1
T,312,0.000000,0.000000,332,1425460058292420943,0,246215,2
T,312,0.000000,0.000000,333,1425460058292432061,0,246215,1
T,312,0.000000,0.000000,334,1425460058292444750,0,246215,1
T,312,0.000000,0.000000,335,1425460058292460853,0,246215,4
T,312,0.000000,0.000000,336,1425460058292475745,0,246215,1
T,312,0.000000,0.000000,337,1425460058292478829,0,246215,1
T,312,0.000000,0.000000,338,1425460058292493907,0,246215,1
T,312,0.000000,0.000000,339,1425460058292496677,0,246215,4
T,312,0.000000,0.000000,340,1425460058292500599,0,246215,1
T,312,0.000000,0.000000,341,1425460058292503259,0,246215,8
T,312,0.000000,0.000000,342,1425460058292576912,0,246215,10
T,312,0.000000,0.000000,343,1425460058292579516,0,246215,2
T,312,0.000000,0.000000,344,1425460058292582168,0,246215,2
T,312,0.000000,0.000000,345,1425460058292584357,0,246215,1
T,312,0.000000,0.000000,346,1425460058292586786,0,246215,1
T,312,0.000000,0.000000,347,1425460058292588831,0,246215,3
T,312,0.000000,0.000000,348,1425460058292592531,0,246215,3
T,312,0.000000,0.000000,349,1425460058292595963,0,246215,1
T,312,0.000000,0.000000,350,1425460058292598288,0,246215,1
T,312,0.000000,0.000000,351,1425460058292600570,0,246215,29
T,312,0.000000,0.000000,352,1425460058292628107,0,246215,1
T,312,0.000000,0.000000,353,1425460058292634299,0,246215,1
T,312,0.000000,0.000000,354,1425460058292642340,0,246215,19
T,312,0.000000,0.000000,355,1425460058292644664,0,246215,15
T,312,0.000000,0.000000,356,1425460058292652939,0,246215,2
T,312,0.000000,0.000000,357,1425460058292661339,0,246215,1
T,312,0.000000,0.000000,358,1425460058292670725,0,246215,4
T,312,0.000000,0.000000,359,1425460058292679513,0,246215,2
T,312,0.000000,0.000000,360,1425460058292688464,0,246215,2
T,312,0.000000,0.000000,361,1425460058292697168,0,246215,24
T,312,0.000000,0.000000,362,1425460058292720344,0,246215,1
T,312,0.000000,0.000000,363,1425460058292727002,0,246215,1
T,312,0.000000,0.000000,364,1425460058292729210,0,246215,1
T,312,0.000000,0.000000,365,1425460058292731560,0,246215,4
T,312,0.000000,0.000000,366,1425460058292733912,0,246215,5
T,312,0.000000,0.000000,367,1425460058292735960,0,246215,6
T,312,0.000000,0.000000,368,1425460058292738222,0,246215,2
T,312,0.000000,0.000000,369,1425460058292740325,0,246215,6
T,312,0.000000,0.000000,370,1425460058292748642,0,246215,1
T,312,0.000000,0.000000,371,1425460058292756703,0,246215,11
T,312,0.000000,0.000000,372,1425460058292777353,0,246215,10
T,330,0.000000,0.000000,376,1425460058292940390,0,26605,10
T,312,0.000000,0.000000,373,1425460058292782526,0,246215,4
T,312,0.000000,0.000000,374,1425460058292787834,0,246215,12
T,312,0.000000,0.000000,375,1425460058292793266,0,246215,105
T,330,0.000000,0.000000,377,1425460058292943349,0,26605,5
T,330,0.000000,0.000000,378,1425460058292945834,0,26605,2
T,330,0.000000,0.000000,379,1425460058292948669,0,26605,8
T,330,0.000000,0.000000,380,1425460058292950973,0,26605,25
T,330,0.000000,0.000000,381,1425460058292960884,0,26605,1
T,330,0.000000,0.000000,382,1425460058292970634,0,26605,9
T,330,0.000000,0.000000,383,1425460058292972377,0,26605,2
T,330,0.000000,0.000000,384,1425460058292974469,0,26605,5
T,330,0.000000,0.000000,385,1425460058292983159,0,26605,35
T,330,0.000000,0.000000,386,1425460058293017524,0,26605,1
T,330,0.000000,0.000000,387,1425460058293019537,0,26605,1
T,330,0.000000,0.000000,388,1425460058293024864,0,26605,4
T,359,0.000000,0.000000,391,1425460058293086907,0,4849,2
T,381,0.000000,0.000000,392,1425460058293129029,0,12790,15
T,330,0.000000,0.000000,389,1425460058293029947,0,26605,6
T,330,0.000000,0.000000,390,1425460058293031927,0,26605,4
T,527,0.000000,0.000000,393,1425460058293348182,0,94195,1
T,527,0.000000,0.000000,394,1425460058293360555,0,94195,9
T,527,0.000000,0.000000,395,1425460058293362794,0,94195,1
T,527,0.000000,0.000000,396,1425460058293373406,0,94195,10
T,527,0.000000,0.000000,397,1425460058293383765,0,94195,2
T,527,0.000000,0.000000,398,1425460058293395056,0,94195,10
T,527,0.000000,0.000000,399,1425460058293406214,0,94195,27
T,527,0.000000,0.000000,400,1425460058293417691,0,94195,15
T,527,0.000000,0.000000,401,1425460058293428713,0,94195,10
T,527,0.000000,0.000000,402,1425460058293440444,0,94195,33
T,527,0.000000,0.000000,403,1425460058293492443,0,94195,1
T,527,0.000000,0.000000,404,1425460058293497554,0,94195,5
T,527,0.000000,0.000000,405,1425460058293502656,0,94195,26
T,527,0.000000,0.000000,406,1425460058293508067,0,94195,25
T,553,0.000000,0.000000,407,1425460058294271288,0,21499,50
T,553,0.000000,0.000000,408,1425460058294288806,0,21499,3
T,553,0.000000,0.000000,409,1425460058294312072,0,21499,6
T,553,0.000000,0.000000,410,1425460058294315160,0,21499,4
T,553,0.000000,0.000000,411,1425460058294332027,0,21499,50
T,553,0.000000,0.000000,412,1425460058294351696,0,21499,249
T,553,0.000000,0.000000,413,1425460058294356816,0,21499,9
T,553,0.000000,0.000000,414,1425460058294362163,0,21499,4
T,553,0.000000,0.000000,415,1425460058294365608,0,21499,27
T,553,0.000000,0.000000,416,1425460058294384359,0,21499,66
T,553,0.000000,0.000000,417,1425460058294515988,0,21499,7
T,553,0.000000,0.000000,418,1425460058294518645,0,21499,100
T,553,0.000000,0.000000,419,1425460058294522057,0,21499,43
T,553,0.000000,0.000000,420,1425460058294529258,0,21499,1
T,553,0.000000,0.000000,421,1425460058294536573,0,21499,19
T,553,0.000000,0.000000,422,1425460058294543927,0,21499,1
T,553,0.000000,0.000000,423,1425460058294551420,0,21499,289
T,553,0.000000,0.000000,424,1425460058294558680,0,21499,15
T,553,0.000000,0.000000,425,1425460058294566717,0,21499,289
T,553,0.000000,0.000000,426,1425460058294575912,0,21499,43
T,553,0.000000,0.000000,427,1425460058294597142,0,21499,246
T,553,0.000000,0.000000,428,1425460058294603609,0,21499,76
T,553,0.000000,0.000000,429,1425460058294606259,0,21499,4
T,553,0.000000,0.000000,430,1425460058294608671,0,21499,1
T,553,0.000000,0.000000,431,1425460058294611034,0,21499,5
T,553,0.000000,0.000000,432,1425460058294613811,0,21499,100
T,553,0.000000,0.000000,433,1425460058294616796,0,21499,10
T,553,0.000000,0.000000,434,1425460058294619161,0,21499,9
T,553,0.000000,0.000000,435,1425460058294621605,0,21499,10
T,553,0.000000,0.000000,436,1425460058294623826,0,21499,50
T,553,0.000000,0.000000,437,1425460058294647181,0,21499,3
T,553,0.000000,0.000000,438,1425460058294649420,0,21499,3
T,553,0.000000,0.000000,439,1425460058294651453,0,21499,18
T,553,0.000000,0.000000,440,1425460058294658558,0,21499,7
T,553,0.000000,0.000000,441,1425460058294661092,0,21499,15
T,553,0.000000,0.000000,442,1425460058294663319,0,21499,100
T,553,0.000000,0.000000,443,1425460058294664900,0,21499,47
T,553,0.000000,0.000000,444,1425460058294666448,0,21499,30
T,553,0.000000,0.000000,445,1425460058294667989,0,21499,10
T,553,0.000000,0.000000,446,1425460058294669497,0,21499,19
T,553,0.000000,0.000000,447,1425460058294686589,0,21499,2
T,553,0.000000,0.000000,448,1425460058294688102,0,21499,2
T,553,0.000000,0.000000,449,1425460058294689588,0,21499,9
T,553,0.000000,0.000000,450,1425460058294691098,0,21499,9
T,553,0.000000,0.000000,451,1425460058294692547,0,21499,1
T,553,0.000000,0.000000,452,1425460058294694444,0,21499,38
T,553,0.000000,0.000000,453,1425460058294701182,0,21499,12
T,553,0.000000,0.000000,454,1425460058294702614,0,21499,25
T,553,0.000000,0.000000,455,1425460058294704559,0,21499,252
T,553,0.000000,0.000000,456,1425460058294712244,0,21499,20
T,553,0.000000,0.000000,457,1425460058294727462,0,21499,300
T,553,0.000000,0.000000,458,1425460058294733912,0,21499,289
T,553,0.000000,0.000000,459,1425460058294739996,0,21499,289
T,553,0.000000,0.000000,460,1425460058294746371,0,21499,289
T,553,0.000000,0.000000,461,1425460058294752885,0,21499,289
T,553,0.000000,0.000000,462,1425460058294759680,0,21499,289
T,553,0.000000,0.000000,463,1425460058294766826,0,21499,70
T,553,0.000000,0.000000,464,1425460058294774415,0,21499,20
T,553,0.000000,0.000000,465,1425460058294782182,0,21499,1000
T,553,0.000000,0.000000,466,1425460058294790066,0,21499,632
T,553,0.000000,0.000000,467,1425460058294808219,0,21499,1261
T,553,0.000000,0.000000,468,1425460058294809749,0,21499,3
T,553,0.000000,0.000000,469,1425460058294811280,0,21499,5
T,553,0.000000,0.000000,470,1425460058294812746,0,21499,1
T,553,0.000000,0.000000,471,1425460058294814247,0,21499,20
T,553,0.000000,0.000000,472,1425460058294815750,0,21499,1
T,553,0.000000,0.000000,473,1425460058294817256,0,21499,1
T,553,0.000000,0.000000,474,1425460058294818697,0,21499,24
T,553,0.000000,0.000000,475,1425460058294820257,0,21499,30
T,553,0.000000,0.000000,476,1425460058294821760,0,21499,100
T,553,0.000000,0.000000,477,1425460058294834272,0,21499,25
T,553,0.000000,0.000000,478,1425460058294836389,0,21499,29
T,553,0.000000,0.000000,479,1425460058294843054,0,21499,632
T,553,0.000000,0.000000,480,1425460058294849666,0,21499,200
T,553,0.000000,0.000000,481,1425460058294856726,0,21499,50
T,553,0.000000,0.000000,482,1425460058294863933,0,21499,89
T,553,0.000000,0.000000,483,1425460058294865578,0,21499,5
T,553,0.000000,0.000000,484,1425460058294867025,0,21499,100
T,553,0.000000,0.000000,485,1425460058294868554,0,21499,100
T,714,0.000000,0.000000,486,1425460058294979908,0,18900,3
T,714,0.000000,0.000000,487,1425460058294982541,0,18900,40
T,714,0.000000,0.000000,488,1425460058294985443,0,18900,2
T,714,0.000000,0.000000,489,1425460058294988104,0,18900,10
T,714,0.000000,0.000000,490,1425460058294990586,0,18900,2
T,714,0.000000,0.000000,491,1425460058294992777,0,18900,25
T,714,0.000000,0.000000,492,1425460058295001837,0,18900,28
T,716,0.000000,0.000000,493,1425460058295056174,0,5775,5
T,716,0.000000,0.000000,494,1425460058295062122,0,5775,95
T,716,0.000000,0.000000,495,1425460058295064265,0,5775,50
T,716,0.000000,0.000000,496,1425460058295066524,0,5775,10
T,716,0.000000,0.000000,497,1425460058295068081,0,5775,10
T,716,0.000000,0.000000,498,1425460058295069696,0,5775,2
T,804,0.000000,0.000000,499,1425460058295132399,0,20100,1
T,804,0.000000,0.000000,500,1425460058295139162,0,20100,103
T,804,0.000000,0.000000,501,1425460058295146022,0,20100,57
T,804,0.000000,0.000000,502,1425460058295152603,0,20100,89
T,967,0.000000,0.000000,503,1425460058295627053,0,1375,20
T,967,0.000000,0.000000,504,1425460058295641053,0,1375,1
T,967,0.000000,0.000000,505,1425460058295654989,0,1375,15
T,967,0.000000,0.000000,506,1425460058295669974,0,1375,14
T,967,0.000000,0.000000,507,1425460058295672529,0,1375,86
T,967,0.000000,0.000000,508,1425460058295687741,0,1375,364
T,967,0.000000,0.000000,509,1425460058295690484,0,1375,8
T,967,0.000000,0.000000,510,1425460058295693013,0,1375,38
T,967,0.000000,0.000000,511,1425460058295695936,0,1375,100
T,967,0.000000,0.000000,512,1425460058295698113,0,1375,390
T,967,0.000000,0.000000,513,1425460058295787185,0,1375,70
T,967,0.000000,0.000000,514,1425460058295794841,0,1375,40
T,967,0.000000,0.000000,515,1425460058295797127,0,1375,1
T,967,0.000000,0.000000,516,1425460058295799584,0,1375,973
T,967,0.000000,0.000000,517,1425460058295807024,0,1375,15
T,967,0.000000,0.000000,518,1425460058295814284,0,1375,1000
T,967,0.000000,0.000000,519,1425460058295822315,0,1375,12
T,967,0.000000,0.000000,520,1425460058295824319,0,1375,88
T,967,0.000000,0.000000,521,1425460058295832154,0,1375,1010
T,967,0.000000,0.000000,522,1425460058295840178,0,1375,881
T,967,0.000000,0.000000,523,1425460058295863235,0,1375,200
T,967,0.000000,0.000000,524,1425460058295869427,0,1375,600
T,967,0.000000,0.000000,525,1425460058295875867,0,1375,1006
T,967,0.000000,0.000000,526,1425460058295882247,0,1375,1006
T,967,0.000000,0.000000,527,1425460058295889508,0,1375,209
T,967,0.000000,0.000000,528,1425460058295891664,0,1375,669
T,967,0.000000,0.000000,529,1425460058295899716,0,1375,331
T,967,0.000000,0.000000,530,1425460058295901399,0,1375,100
T,967,0.000000,0.000000,531,1425460058295902978,0,1375,370
T,967,0.000000,0.000000,532,1425460058295904584,0,1375,1
T,967,0.000000,0.000000,533,1425460058295922706,0,1375,1
T,967,0.000000,0.000000,534,1425460058295924178,0,1375,2
T,967,0.000000,0.000000,535,1425460058295926139,0,1375,73
T,967,0.000000,0.000000,536,1425460058295932839,0,1375,2
T,967,0.000000,0.000000,537,1425460058295938818,0,1375,16
T,967,0.000000,0.000000,538,1425460058295944890,0,1375,9
T,967,0.000000,0.000000,539,1425460058295946475,0,1375,1
T,967,0.000000,0.000000,540,1425460058295947928,0,1375,2
T,967,0.000000,0.000000,541,1425460058295950006,0,1375,4
T,967,0.000000,0.000000,542,1425460058295957213,0,1375,46
T,967,0.000000,0.000000,543,1425460058295969320,0,1375,6
T,967,0.000000,0.000000,544,1425460058295971368,0,1375,48
T,967,0.000000,0.000000,545,1425460058295976701,0,1375,12
T,967,0.000000,0.000000,546,1425460058295978217,0,1375,2
T,967,0.000000,0.000000,547,1425460058295979705,0,1375,200
T,967,0.000000,0.000000,548,1425460058295981200,0,1375,15
T,967,0.000000,0.000000,549,1425460058295982792,0,1375,10
T,967,0.000000,0.000000,550,1425460058295984810,0,1375,261
T,967,0.000000,0.000000,551,1425460058295992392,0,1375,286
T,1011,0.000000,0.000000,552,1425460058296190166,0,306500,1
T,1011,0.000000,0.000000,553,1425460058296199885,0,306500,1
T,1011,0.000000,0.000000,554,1425460058296202388,0,306500,1
T,1011,0.000000,0.000000,555,1425460058296211670,0,306500,1
T,1011,0.000000,0.000000,556,1425460058296221434,0,306500,1
T,1011,0.000000,0.000000,557,1425460058296232355,0,306500,1
T,1011,0.000000,0.000000,558,1425460058296242925,0,306500,3
T,1053,0.000000,0.000000,563,1425460058296434843,0,45085,1
T,1011,0.000000,0.000000,559,1425460058296252512,0,306500,2
T,1011,0.000000,0.000000,560,1425460058296262245,0,306500,4
T,1011,0.000000,0.000000,561,1425460058296271223,0,306500,5
T,1011,0.000000,0.000000,562,1425460058296321310,0,306500,13
T,1053,0.000000,0.000000,564,1425460058296438171,0,45085,1
T,1053,0.000000,0.000000,565,1425460058296447871,0,45085,1
T,1053,0.000000,0.000000,566,1425460058296456542,0,45085,2
T,1053,0.000000,0.000000,567,1425460058296466354,0,45085,12
T,1053,0.000000,0.000000,568,1425460058296474689,0,45085,6
T,1053,0.000000,0.000000,569,1425460058296482459,0,45085,8
T,1053,0.000000,0.000000,570,1425460058296484976,0,45085,22
T,1053,0.000000,0.000000,571,1425460058296487477,0,45085,1
T,1053,0.000000,0.000000,572,1425460058296489207,0,45085,2
T,1076,0.000000,0.000000,573,1425460058297334778,0,73845,10
T,1076,0.000000,0.000000,574,1425460058297338402,0,73845,2
T,1076,0.000000,0.000000,575,1425460058297341584,0,73845,5
T,1076,0.000000,0.000000,576,1425460058297344789,0,73845,5
T,1076,0.000000,0.000000,577,1425460058297347776,0,73845,157
T,1076,0.000000,0.000000,578,1425460058297375851,0,73845,50
T,1076,0.000000,0.000000,579,1425460058297403838,0,73845,167
T,1076,0.000000,0.000000,580,1425460058297431429,0,73845,48
T,1076,0.000000,0.000000,581,1425460058297458856,0,73845,1
T,1076,0.000000,0.000000,582,1425460058297486721,0,73845,20
T,1076,0.000000,0.000000,583,1425460058297655256,0,73845,30
T,1076,0.000000,0.000000,584,1425460058297662016,0,73845,15
T,1076,0.000000,0.000000,585,1425460058297670275,0,73845,12
T,1076,0.000000,0.000000,586,1425460058297672542,0,73845,2
T,1076,0.000000,0.000000,587,1425460058297679560,0,73845,8
T,1076,0.000000,0.000000,588,1425460058297686657,0,73845,11
T,1076,0.000000,0.000000,589,1425460058297693932,0,73845,13
T,1076,0.000000,0.000000,590,1425460058297701447,0,73845,27
T,1076,0.000000,0.000000,591,1425460058297709147,0,73845,12
T,1076,0.000000,0.000000,592,1425460058297717147,0,73845,19
T,1076,0.000000,0.000000,593,1425460058297739196,0,73845,100
T,1076,0.000000,0.000000,594,1425460058297745361,0,73845,20
T,1076,0.000000,0.000000,595,1425460058297752773,0,73845,45
T,1076,0.000000,0.000000,596,1425460058297755240,0,73845,2
T,1076,0.000000,0.000000,597,1425460058297757758,0,73845,5
T,1076,0.000000,0.000000,598,1425460058297760230,0,73845,10
T,1076,0.000000,0.000000,599,1425460058297762630,0,73845,10
T,1076,0.000000,0.000000,600,1425460058297765704,0,73845,1
T,1076,0.000000,0.000000,601,1425460058297768108,0,73845,1
T,1076,0.000000,0.000000,602,1425460058297770199,0,73845,26
T,1076,0.000000,0.000000,603,1425460058297793037,0,73845,39
T,1076,0.000000,0.000000,604,1425460058297795272,0,73845,1
T,1076,0.000000,0.000000,605,1425460058297802477,0,73845,22
T,1076,0.000000,0.000000,606,1425460058297809580,0,73845,22
T,1076,0.000000,0.000000,607,1425460058297816565,0,73845,22
T,1076,0.000000,0.000000,608,1425460058297824433,0,73845,2
T,1076,0.000000,0.000000,609,1425460058297826778,0,73845,1
T,1076,0.000000,0.000000,610,1425460058297828881,0,73845,80
T,1076,0.000000,0.000000,611,1425460058297837219,0,73845,15
T,1076,0.000000,0.000000,612,1425460058297845823,0,73845,1
T,1076,0.000000,0.000000,613,1425460058297868311,0,73845,15
T,1076,0.000000,0.000000,614,1425460058297874286,0,73845,14
T,1076,0.000000,0.000000,615,1425460058297880391,0,73845,8
T,1076,0.000000,0.000000,616,1425460058297886837,0,73845,11
T,1076,0.000000,0.000000,617,1425460058297893651,0,73845,13
T,1076,0.000000,0.000000,618,1425460058297900338,0,73845,27
T,1076,0.000000,0.000000,619,1425460058297907688,0,73845,12
T,1076,0.000000,0.000000,620,1425460058297915617,0,73845,4
T,1076,0.000000,0.000000,621,1425460058297917915,0,73845,30
T,1076,0.000000,0.000000,622,1425460058297920119,0,73845,11
T,1076,0.000000,0.000000,623,1425460058297940120,0,73845,20
T,1076,0.000000,0.000000,624,1425460058297942266,0,73845,32
T,1076,0.000000,0.000000,625,1425460058297948959,0,73845,377
T,1076,0.000000,0.000000,626,1425460058297955599,0,73845,15
T,1076,0.000000,0.000000,627,1425460058297962385,0,73845,35
T,1076,0.000000,0.000000,628,1425460058297969699,0,73845,124
T,1076,0.000000,0.000000,629,1425460058297977051,0,73845,55
T,1076,0.000000,0.000000,630,1425460058297984599,0,73845,103
T,1076,0.000000,0.000000,631,1425460058297993254,0,73845,259
T,1076,0.000000,0.000000,632,1425460058297995411,0,73845,35
T,1076,0.000000,0.000000,633,1425460058298015385,0,73845,1
T,1076,0.000000,0.000000,634,1425460058298017817,0,73845,7
T,1076,0.000000,0.000000,635,1425460058298020370,0,73845,14
T,1076,0.000000,0.000000,636,1425460058298022867,0,73845,50
T,1076,0.000000,0.000000,637,1425460058298025197,0,73845,100
T,1076,0.000000,0.000000,638,1425460058298027455,0,73845,1
T,1076,0.000000,0.000000,639,1425460058298029707,0,73845,1
T,1076,0.000000,0.000000,640,1425460058298031890,0,73845,1
T,1076,0.000000,0.000000,641,1425460058298034108,0,73845,94
T,1076,0.000000,0.000000,642,1425460058298042609,0,73845,59
T,1076,0.000000,0.000000,643,1425460058298065127,0,73845,5
T,1076,0.000000,0.000000,644,1425460058298071446,0,73845,10
T,1076,0.000000,0.000000,645,1425460058298078054,0,73845,8
T,1076,0.000000,0.000000,646,1425460058298084684,0,73845,3
T,1076,0.000000,0.000000,647,1425460058298092352,0,73845,1
T,1076,0.000000,0.000000,648,1425460058298094296,0,73845,9
T,1076,0.000000,0.000000,649,1425460058298101751,0,73845,1
T,1076,0.000000,0.000000,650,1425460058298110101,0,73845,15
T,1076,0.000000,0.000000,651,1425460058298112575,0,73845,10
T,1076,0.000000,0.000000,652,1425460058298114988,0,73845,1
T,1076,0.000000,0.000000,653,1425460058298133475,0,73845,4
T,1076,0.000000,0.000000,654,1425460058298139277,0,73845,5
T,1076,0.000000,0.000000,655,1425460058298145730,0,73845,9
T,1076,0.000000,0.000000,656,1425460058298148036,0,73845,6
T,1076,0.000000,0.000000,657,1425460058298150268,0,73845,1
T,1076,0.000000,0.000000,658,1425460058298152718,0,73845,4
T,1076,0.000000,0.000000,659,1425460058298155127,0,73845,2
T,1076,0.000000,0.000000,660,1425460058298157252,0,73845,18
T,1076,0.000000,0.000000,661,1425460058298165264,0,73845,7
T,1076,0.000000,0.000000,662,1425460058298167290,0,73845,2
T,1076,0.000000,0.000000,663,1425460058298186592,0,73845,3
T,1076,0.000000,0.000000,664,1425460058298188991,0,73845,2
T,1076,0.000000,0.000000,665,1425460058298191161,0,73845,2
T,1076,0.000000,0.000000,666,1425460058298197026,0,73845,6
T,1076,0.000000,0.000000,667,1425460058298203742,0,73845,7
T,1076,0.000000,0.000000,668,1425460058298205754,0,73845,3
T,1076,0.000000,0.000000,669,1425460058298213156,0,73845,2
T,1076,0.000000,0.000000,670,1425460058298215275,0,73845,5
T,1076,0.000000,0.000000,671,1425460058298217494,0,73845,7
T,1076,0.000000,0.000000,672,1425460058298225723,0,73845,13
T,1076,0.000000,0.000000,673,1425460058298241593,0,73845,25
T,1076,0.000000,0.000000,674,1425460058298243124,0,73845,1
T,1076,0.000000,0.000000,675,1425460058298244605,0,73845,20
T,1076,0.000000,0.000000,676,1425460058298246189,0,73845,5
T,1076,0.000000,0.000000,677,1425460058298247666,0,73845,1
T,1076,0.000000,0.000000,678,1425460058298249206,0,73845,8
T,1076,0.000000,0.000000,679,1425460058298250604,0,73845,2
T,1076,0.000000,0.000000,680,1425460058298252083,0,73845,3
T,1076,0.000000,0.000000,681,1425460058298254028,0,73845,72
T,1076,0.000000,0.000000,682,1425460058298261499,0,73845,6
T,1076,0.000000,0.000000,683,1425460058298274874,0,73845,3
T,1076,0.000000,0.000000,684,1425460058298279999,0,73845,4
T,1076,0.000000,0.000000,685,1425460058298285340,0,73845,15
T,1076,0.000000,0.000000,686,1425460058298286867,0,73845,4
T,1076,0.000000,0.000000,687,1425460058298288299,0,73845,2
T,1076,0.000000,0.000000,688,1425460058298289772,0,73845,1
T,1076,0.000000,0.000000,689,1425460058298294249,0,73845,1
T,1076,0.000000,0.000000,690,1425460058298296558,0,73845,5
T,1076,0.000000,0.000000,691,1425460058298303623,0,73845,2
T,1076,0.000000,0.000000,692,1425460058298305183,0,73845,5
T,1076,0.000000,0.000000,693,1425460058298317043,0,73845,13
T,1076,0.000000,0.000000,694,1425460058298322287,0,73845,3
T,1076,0.000000,0.000000,695,1425460058298327796,0,73845,9
T,1076,0.000000,0.000000,696,1425460058298333442,0,73845,5
T,1076,0.000000,0.000000,697,1425460058298339584,0,73845,42
T,1076,0.000000,0.000000,698,1425460058298345921,0,73845,10
T,1076,0.000000,0.000000,699,1425460058298352492,0,73845,1
T,1076,0.000000,0.000000,700,1425460058298359493,0,73845,62
T,1076,0.000000,0.000000,701,1425460058298366582,0,73845,40
T,1076,0.000000,0.000000,702,1425460058298373990,0,73845,13
T,1076,0.000000,0.000000,703,1425460058298386105,0,73845,9
T,1076,0.000000,0.000000,704,1425460058298391156,0,73845,93
T,1076,0.000000,0.000000,705,1425460058298392712,0,73845,11
T,1076,0.000000,0.000000,706,1425460058298394310,0,73845,1
T,1076,0.000000,0.000000,707,1425460058298395787,0,73845,2
T,1076,0.000000,0.000000,708,1425460058298397291,0,73845,10
T,1076,0.000000,0.000000,709,1425460058298398726,0,73845,25
T,1076,0.000000,0.000000,710,1425460058298400225,0,73845,70
T,1076,0.000000,0.000000,711,1425460058298401667,0,73845,25
T,1076,0.000000,0.000000,712,1425460058298403217,0,73845,2
T,1076,0.000000,0.000000,713,1425460058298414146,0,73845,1
T,1076,0.000000,0.000000,714,1425460058298415642,0,73845,1
T,1076,0.000000,0.000000,715,1425460058298417077,0,73845,5
T,1076,0.000000,0.000000,716,1425460058298418640,0,73845,6
T,1076,0.000000,0.000000,717,1425460058298420112,0,73845,4
T,1076,0.000000,0.000000,718,1425460058298421676,0,73845,1
T,1076,0.000000,0.000000,719,1425460058298423154,0,73845,100
T,1076,0.000000,0.000000,720,1425460058298424717,0,73845,10
T,1076,0.000000,0.000000,721,1425460058298426165,0,73845,100
T,1076,0.000000,0.000000,722,1425460058298427832,0,73845,75
T,1076,0.000000,0.000000,723,1425460058298439129,0,73845,50
T,1076,0.000000,0.000000,724,1425460058298440621,0,73845,6
T,1076,0.000000,0.000000,725,1425460058298442071,0,73845,3
T,1076,0.000000,0.000000,726,1425460058298443604,0,73845,300
T,1076,0.000000,0.000000,727,1425460058298445005,0,73845,6
T,1338,0.000000,0.000000,728,1425460058298847628,0,11100,5
T,1338,0.000000,0.000000,729,1425460058298852048,0,11100,32
T,1338,0.000000,0.000000,730,1425460058298856100,0,11100,1
T,1338,0.000000,0.000000,731,1425460058298860017,0,11100,13
T,1338,0.000000,0.000000,732,1425460058298862460,0,11100,100
T,1338,0.000000,0.000000,733,1425460058298864908,0,11100,1
T,1338,0.000000,0.000000,734,1425460058298867732,0,11100,86
T,1338,0.000000,0.000000,735,1425460058298872028,0,11100,30
T,1338,0.000000,0.000000,736,1425460058298874650,0,11100,1
T,1338,0.000000,0.000000,737,1425460058298876968,0,11100,90
T,1338,0.000000,0.000000,738,1425460058298954314,0,11100,325
T,1338,0.000000,0.000000,739,1425460058298956930,0,11100,89
T,1338,0.000000,0.000000,740,1425460058298959764,0,11100,10
T,1338,0.000000,0.000000,741,1425460058298962213,0,11100,107
T,1338,0.000000,0.000000,742,1425460058298964834,0,11100,217
T,1338,0.000000,0.000000,743,1425460058298967101,0,11100,1
T,1338,0.000000,0.000000,744,1425460058298969378,0,11100,5
T,1338,0.000000,0.000000,745,1425460058298971604,0,11100,1
T,1338,0.000000,0.000000,746,1425460058298974080,0,11100,793
T,1338,0.000000,0.000000,747,1425460058298982589,0,11100,4
T,1338,0.000000,0.000000,748,1425460058299006867,0,11100,10
T,1338,0.000000,0.000000,749,1425460058299013184,0,11100,100
T,1338,0.000000,0.000000,750,1425460058299018477,0,11100,62
T,1338,0.000000,0.000000,751,1425460058299024234,0,11100,100
T,1442,0.000000,0.000000,752,1425460058299381246,0,501155,1
T,1442,0.000000,0.000000,753,1425460058299384075,0,501155,1
T,1442,0.000000,0.000000,754,1425460058299387586,0,501155,3
T,1442,0.000000,0.000000,755,1425460058299397934,0,501155,1
T,1442,0.000000,0.000000,756,1425460058299411549,0,501155,7
T,1442,0.000000,0.000000,757,1425460058299413884,0,501155,4
T,1442,0.000000,0.000000,758,1425460058299425389,0,501155,2
T,1442,0.000000,0.000000,759,1425460058299436685,0,501155,10
T,1442,0.000000,0.000000,760,1425460058299448524,0,501155,12
T,1442,0.000000,0.000000,761,1425460058299459969,0,501155,12
T,1442,0.000000,0.000000,762,1425460058299526007,0,501155,1
T,1442,0.000000,0.000000,763,1425460058299533103,0,501155,1
T,1442,0.000000,0.000000,764,1425460058299539823,0,501155,8
T,1442,0.000000,0.000000,765,1425460058299541866,0,501155,1
T,1442,0.000000,0.000000,766,1425460058299549398,0,501155,2
T,1442,0.000000,0.000000,767,1425460058299551586,0,501155,10
T,1442,0.000000,0.000000,768,1425460058299553892,0,501155,50
T,1442,0.000000,0.000000,769,1425460058299555951,0,501155,18
T,1442,0.000000,0.000000,770,1425460058299564729,0,501155,2
T,1442,0.000000,0.000000,771,1425460058299566903,0,501155,1
T,1442,0.000000,0.000000,772,1425460058299589385,0,501155,60
T,1442,0.000000,0.000000,773,1425460058299590933,0,501155,10
T,1442,0.000000,0.000000,774,1425460058299592492,0,501155,1
T,1442,0.000000,0.000000,775,1425460058299593956,0,501155,3
T,1442,0.000000,0.000000,776,1425460058299595465,0,501155,1
T,1442,0.000000,0.000000,777,1425460058299596826,0,501155,2
T,1442,0.000000,0.000000,778,1425460058299604207,0,501155,1
T,1486,0.000000,0.000000,782,1425460058299663739,0,21298,80
T,1442,0.000000,0.000000,779,1425460058299611438,0,501155,1
T,1442,0.000000,0.000000,780,1425460058299613117,0,501155,6
T,1486,0.000000,0.000000,783,1425460058299670908,0,21298,10
T,1442,0.000000,0.000000,781,1425460058299614676,0,501155,1
T,1486,0.000000,0.000000,784,1425460058299673174,0,21298,1
T,1486,0.000000,0.000000,785,1425460058299675081,0,21298,23
T,1497,0.000000,0.000000,788,1425460058299745178,0,7153,1
T,1497,0.000000,0.000000,789,1425460058299747423,0,7153,9
T,1486,0.000000,0.000000,786,1425460058299681799,0,21298,28
T,1486,0.000000,0.000000,787,1425460058299683534,0,21298,10
T,1547,0.000000,0.000000,790,1425460058299794823,0,6800,50
T,1547,0.000000,0.000000,791,1425460058299796498,0,6800,3
T,1572,0.000000,0.000000,792,1425460058299823382,0,5450,1
T,1581,0.000000,0.000000,793,1425460058299909580,0,12015,1
T,1581,0.000000,0.000000,794,1425460058299916830,0,12015,5
T,1581,0.000000,0.000000,795,1425460058299924291,0,12015,294
T,1581,0.000000,0.000000,796,1425460058299926823,0,12015,1000
T,1581,0.000000,0.000000,797,1425460058299929251,0,12015,2500
T,1581,0.000000,0.000000,798,1425460058299931469,0,12015,1206
T,1581,0.000000,0.000000,799,1425460058299938586,0,12015,9
T,1581,0.000000,0.000000,800,1425460058299945396,0,12015,9
T,1621,0.000000,0.000000,801,1425460058302887294,0,615930,1
T,1621,0.000000,0.000000,802,1425460058302892355,0,615930,9
T,1621,0.000000,0.000000,803,1425460058302909427,0,615930,5
T,1621,0.000000,0.000000,804,1425460058302924877,0,615930,3
T,1621,0.000000,0.000000,805,1425460058302939416,0,615930,2
T,1621,0.000000,0.000000,806,1425460058302955139,0,615930,3
T,1621,0.000000,0.000000,807,1425460058302972395,0,615930,21
T,1621,0.000000,0.000000,808,1425460058302975797,0,615930,29
T,1621,0.000000,0.000000,809,1425460058302992747,0,615930,1
T,1621,0.000000,0.000000,810,1425460058302996213,0,615930,20
T,1621,0.000000,0.000000,811,1425460058303123382,0,615930,25
T,1621,0.000000,0.000000,812,1425460058303126079,0,615930,25
T,1621,0.000000,0.000000,813,1425460058303129133,0,615930,27
T,1621,0.000000,0.000000,814,1425460058303136254,0,615930,1
T,1621,0.000000,0.000000,815,1425460058303143430,0,615930,3
T,1621,0.000000,0.000000,816,1425460058303151480,0,615930,1
T,1621,0.000000,0.000000,817,1425460058303159247,0,615930,1
T,1621,0.000000,0.000000,818,1425460058303167703,0,615930,1
T,1621,0.000000,0.000000,819,1425460058303175743,0,615930,1
T,1621,0.000000,0.000000,820,1425460058303184862,0,615930,3
T,1621,0.000000,0.000000,821,1425460058303210845,0,615930,1
T,1621,0.000000,0.000000,822,1425460058303217406,0,615930,1
T,1621,0.000000,0.000000,823,1425460058303224430,0,615930,2
T,1621,0.000000,0.000000,824,1425460058303232485,0,615930,8
T,1621,0.000000,0.000000,825,1425460058303234293,0,615930,2
T,1621,0.000000,0.000000,826,1425460058303235906,0,615930,1
T,1621,0.000000,0.000000,827,1425460058303238116,0,615930,2
T,1621,0.000000,0.000000,828,1425460058303246316,0,615930,15
T,1621,0.000000,0.000000,829,1425460058303254692,0,615930,1
T,1621,0.000000,0.000000,830,1425460058303256346,0,615930,1
T,1621,0.000000,0.000000,831,1425460058303275875,0,615930,3
T,1621,0.000000,0.000000,832,1425460058303282187,0,615930,2
T,1621,0.000000,0.000000,833,1425460058303283757,0,615930,2
T,1621,0.000000,0.000000,834,1425460058303285259,0,615930,3
T,1621,0.000000,0.000000,835,1425460058303286824,0,615930,1
T,1621,0.000000,0.000000,836,1425460058303288380,0,615930,1
T,1621,0.000000,0.000000,837,1425460058303289909,0,615930,1
T,1621,0.000000,0.000000,838,1425460058303296617,0,615930,1
T,1621,0.000000,0.000000,839,1425460058303298772,0,615930,4
T,1621,0.000000,0.000000,840,1425460058303307184,0,615930,4
T,1621,0.000000,0.000000,841,1425460058303322965,0,615930,1
T,1621,0.000000,0.000000,842,1425460058303329170,0,615930,1
T,1621,0.000000,0.000000,843,1425460058303335380,0,615930,1
T,1621,0.000000,0.000000,844,1425460058303337100,0,615930,1
T,1621,0.000000,0.000000,845,1425460058303345099,0,615930,4
T,1621,0.000000,0.000000,846,1425460058303352533,0,615930,1
T,1621,0.000000,0.000000,847,1425460058303360047,0,615930,20
T,1621,0.000000,0.000000,848,1425460058303367927,0,615930,2
T,1621,0.000000,0.000000,849,1425460058303376110,0,615930,20
T,1621,0.000000,0.000000,850,1425460058303384327,0,615930,1
T,1621,0.000000,0.000000,851,1425460058303406179,0,615930,1
T,1621,0.000000,0.000000,852,1425460058303412548,0,615930,20
T,1621,0.000000,0.000000,853,1425460058303418933,0,615930,10
T,1621,0.000000,0.000000,854,1425460058303425508,0,615930,1
T,1621,0.000000,0.000000,855,1425460058303432694,0,615930,5
T,1621,0.000000,0.000000,856,1425460058303439842,0,615930,5
T,1621,0.000000,0.000000,857,1425460058303447123,0,615930,5
T,1621,0.000000,0.000000,858,1425460058303454792,0,615930,10
T,1621,0.000000,0.000000,859,1425460058303462766,0,615930,65
T,1621,0.000000,0.000000,860,1425460058303464951,0,615930,15
T,1621,0.000000,0.000000,861,1425460058303488196,0,615930,2
T,1621,0.000000,0.000000,862,1425460058303489787,0,615930,1
T,1621,0.000000,0.000000,863,1425460058303491905,0,615930,70
T,1621,0.000000,0.000000,864,1425460058303498811,0,615930,3
T,1621,0.000000,0.000000,865,1425460058303504801,0,615930,10
T,1621,0.000000,0.000000,866,1425460058303510990,0,615930,8
T,1621,0.000000,0.000000,867,1425460058303517280,0,615930,9
T,1621,0.000000,0.000000,868,1425460058303518857,0,615930,15
T,1933,0.000000,0.000000,869,1425460058303577385,0,95100,10
T,1933,0.000000,0.000000,870,1425460058303584611,0,95100,5
T,1933,0.000000,0.000000,871,1425460058303591480,0,95100,5
T,1933,0.000000,0.000000,872,1425460058303593101,0,95100,1
T,1964,0.000000,0.000000,873,1425460058305085914,0,490005,1
T,1964,0.000000,0.000000,874,1425460058305123585,0,490005,18
T,1964,0.000000,0.000000,875,1425460058305159457,0,490005,1
T,1964,0.000000,0.000000,876,1425460058305196234,0,490005,57
T,1964,0.000000,0.000000,877,1425460058305234090,0,490005,2
T,1964,0.000000,0.000000,878,1425460058305270133,0,490005,1
T,1964,0.000000,0.000000,879,1425460058305310143,0,490005,6
T,1964,0.000000,0.000000,880,1425460058305346787,0,490005,3
T,1964,0.000000,0.000000,881,1425460058305383172,0,490005,5
T,1964,0.000000,0.000000,882,1425460058305421076,0,490005,14
T,1964,0.000000,0.000000,883,1425460058305682810,0,490005,11
T,1964,0.000000,0.000000,884,1425460058305689882,0,490005,19
T,1964,0.000000,0.000000,885,1425460058305696774,0,490005,25
T,1964,0.000000,0.000000,886,1425460058305703470,0,490005,20
T,1964,0.000000,0.000000,887,1425460058305711053,0,490005,1
T,1964,0.000000,0.000000,888,1425460058305719649,0,490005,40
T,1964,0.000000,0.000000,889,1425460058305722550,0,490005,15
T,1964,0.000000,0.000000,890,1425460058305725140,0,490005,15
T,1964,0.000000,0.000000,891,1425460058305727644,0,490005,35
T,1964,0.000000,0.000000,892,1425460058305738373,0,490005,6
T,1964,0.000000,0.000000,893,1425460058305765258,0,490005,1
T,1964,0.000000,0.000000,894,1425460058305772355,0,490005,1
T,1964,0.000000,0.000000,895,1425460058305781128,0,490005,2
T,1964,0.000000,0.000000,896,1425460058305783347,0,490005,1
T,1964,0.000000,0.000000,897,1425460058305791412,0,490005,44
T,1964,0.000000,0.000000,898,1425460058305799286,0,490005,1
T,1964,0.000000,0.000000,899,1425460058305807543,0,490005,4
T,1964,0.000000,0.000000,900,1425460058305816102,0,490005,5
T,1964,0.000000,0.000000,901,1425460058305825001,0,490005,2
T,1964,0.000000,0.000000,902,1425460058305833986,0,490005,10
T,1964,0.000000,0.000000,903,1425460058305862581,0,490005,19
T,1964,0.000000,0.000000,904,1425460058305868747,0,490005,10
T,1964,0.000000,0.000000,905,1425460058305875191,0,490005,1
T,1964,0.000000,0.000000,906,1425460058305882031,0,490005,30
T,1964,0.000000,0.000000,907,1425460058305890359,0,490005,5
T,1964,0.000000,0.000000,908,1425460058305892659,0,490005,25
T,1964,0.000000,0.000000,909,1425460058305895189,0,490005,66
T,1964,0.000000,0.000000,910,1425460058305897347,0,490005,4
T,1964,0.000000,0.000000,911,1425460058305906392,0,490005,5
T,1964,0.000000,0.000000,912,1425460058305915592,0,490005,6
T,1964,0.000000,0.000000,913,1425460058305943146,0,490005,1
T,1964,0.000000,0.000000,914,1425460058305945553,0,490005,1
T,1964,0.000000,0.000000,915,1425460058305949423,0,490005,1
T,1964,0.000000,0.000000,916,1425460058305952025,0,490005,19
T,1964,0.000000,0.000000,917,1425460058305959568,0,490005,1
T,1964,0.000000,0.000000,918,1425460058305967463,0,490005,1
T,1964,0.000000,0.000000,919,1425460058305977666,0,490005,5
T,1964,0.000000,0.000000,920,1425460058305981476,0,490005,1
T,1964,0.000000,0.000000,921,1425460058305991399,0,490005,1
T,1964,0.000000,0.000000,922,1425460058306000727,0,490005,9
T,1964,0.000000,0.000000,923,1425460058306027132,0,490005,2
T,1964,0.000000,0.000000,924,1425460058306029484,0,490005,3
T,1964,0.000000,0.000000,925,1425460058306032114,0,490005,3
T,1964,0.000000,0.000000,926,1425460058306034464,0,490005,1
T,1964,0.000000,0.000000,927,1425460058306036924,0,490005,1
T,1964,0.000000,0.000000,928,1425460058306039118,0,490005,5
T,1964,0.000000,0.000000,929,1425460058306041399,0,490005,7
T,1964,0.000000,0.000000,930,1425460058306049771,0,490005,15
T,1964,0.000000,0.000000,931,1425460058306058152,0,490005,2
T,1964,0.000000,0.000000,932,1425460058306067473,0,490005,1
T,1964,0.000000,0.000000,933,1425460058306091100,0,490005,20
T,1964,0.000000,0.000000,934,1425460058306097990,0,490005,1
T,1964,0.000000,0.000000,935,1425460058306105886,0,490005,1
T,1964,0.000000,0.000000,936,1425460058306113807,0,490005,1
T,1964,0.000000,0.000000,937,1425460058306121990,0,490005,1
T,1964,0.000000,0.000000,938,1425460058306130940,0,490005,1
T,1964,0.000000,0.000000,939,1425460058306140491,0,490005,1
T,1964,0.000000,0.000000,940,1425460058306150402,0,490005,4
T,1964,0.000000,0.000000,941,1425460058306153039,0,490005,3
T,1964,0.000000,0.000000,942,1425460058306163086,0,490005,1
T,1964,0.000000,0.000000,943,1425460058306192746,0,490005,11
T,1964,0.000000,0.000000,944,1425460058306199191,0,490005,1
T,1964,0.000000,0.000000,945,1425460058306206098,0,490005,34
T,1964,0.000000,0.000000,946,1425460058306209785,0,490005,13
T,1964,0.000000,0.000000,947,1425460058306213345,0,490005,13
T,1964,0.000000,0.000000,948,1425460058306217233,0,490005,34
T,1964,0.000000,0.000000,949,1425460058306219373,0,490005,6
T,1964,0.000000,0.000000,950,1425460058306227206,0,490005,1
T,1964,0.000000,0.000000,951,1425460058306234835,0,490005,5
T,1964,0.000000,0.000000,952,1425460058306242992,0,490005,6
T,1964,0.000000,0.000000,953,1425460058306267128,0,490005,20
T,1964,0.000000,0.000000,954,1425460058306273598,0,490005,1
T,1964,0.000000,0.000000,955,1425460058306280428,0,490005,1
T,1964,0.000000,0.000000,956,1425460058306286792,0,490005,58
T,1964,0.000000,0.000000,957,1425460058306297384,0,490005,30
T,1964,0.000000,0.000000,958,1425460058306304476,0,490005,1
T,1964,0.000000,0.000000,959,1425460058306313599,0,490005,19
T,1964,0.000000,0.000000,960,1425460058306317568,0,490005,7
T,1964,0.000000,0.000000,961,1425460058306321366,0,490005,4
T,1964,0.000000,0.000000,962,1425460058306323568,0,490005,28
T,1964,0.000000,0.000000,963,1425460058306348002,0,490005,2
T,1964,0.000000,0.000000,964,1425460058306354171,0,490005,1
T,1964,0.000000,0.000000,965,1425460058306362418,0,490005,39
T,1964,0.000000,0.000000,966,1425460058306365053,0,490005,1
T,1964,0.000000,0.000000,967,1425460058306367197,0,490005,10
T,1964,0.000000,0.000000,968,1425460058306374587,0,490005,5
T,1964,0.000000,0.000000,969,1425460058306382595,0,490005,5
T,1964,0.000000,0.000000,970,1425460058306390319,0,490005,100
T,1964,0.000000,0.000000,971,1425460058306398874,0,490005,1
T,1964,0.000000,0.000000,972,1425460058306407587,0,490005,5
T,1964,0.000000,0.000000,973,1425460058306433753,0,490005,15
T,1964,0.000000,0.000000,974,1425460058306439940,0,490005,1
T,1964,0.000000,0.000000,975,1425460058306446355,0,490005,1
T,1964,0.000000,0.000000,976,1425460058306453011,0,490005,1
T,1964,0.000000,0.000000,977,1425460058306460293,0,490005,1
T,1964,0.000000,0.000000,978,1425460058306467851,0,490005,2
T,1964,0.000000,0.000000,979,1425460058306475225,0,490005,1
T,1964,0.000000,0.000000,980,1425460058306482899,0,490005,16
T,1964,0.000000,0.000000,981,1425460058306490843,0,490005,20
T,1964,0.000000,0.000000,982,1425460058306499720,0,490005,1
T,1964,0.000000,0.000000,983,1425460058306524674,0,490005,1
T,1964,0.000000,0.000000,984,1425460058306526663,0,490005,1
T,1964,0.000000,0.000000,985,1425460058306533667,0,490005,4
T,1964,0.000000,0.000000,986,1425460058306540588,0,490005,1
T,1964,0.000000,0.000000,987,1425460058306542132,0,490005,2
T,1964,0.000000,0.000000,988,1425460058306544229,0,490005,4
T,1964,0.000000,0.000000,989,1425460058306550551,0,490005,1
T,1964,0.000000,0.000000,990,1425460058306552331,0,490005,1
T,1964,0.000000,0.000000,991,1425460058306559188,0,490005,1
T,1964,0.000000,0.000000,992,1425460058306566339,0,490005,1
T,1964,0.000000,0.000000,993,1425460058306581478,0,490005,1
T,1964,0.000000,0.000000,994,1425460058306586490,0,490005,1
T,1964,0.000000,0.000000,995,1425460058306588041,0,490005,3
T,1964,0.000000,0.000000,996,1425460058306590055,0,490005,1
T,1964,0.000000,0.000000,997,1425460058306595847,0,490005,1
T,1964,0.000000,0.000000,998,1425460058306597463,0,490005,1
T,1964,0.000000,0.000000,999,1425460058306599522,0,490005,3
T,1964,0.000000,0.000000,1000,1425460058306606277,0,490005,4